PO	A	C	G	U
0	0.74723154259	0.0653402879985	0.113273610446	0.0741545589662
1	0.851008704529	0.0665057805177	0.0626642351352	0.0198212798181
2	0.296519177805	0.28395882007	0.0780066014181	0.341515400706
3	0.289962537097	0.31814928352	0.176782617923	0.21510556146
4	0.0730412181927	0.0677569638275	0.770239876912	0.0889619410677
5	0.0163110525479	0.508888137577	0.14448581271	0.330314997165
6	0.050961690635	0.733887774988	0.12169359847	0.093456935907
7	0.0939817019452	0.576980595794	0.125984894649	0.203052807611
8	0.0766948283409	0.0705992385742	0.0728584650081	0.779847468077
9	0.0161644606064	0.0143937497806	0.00334653716028	0.966095252453
10	0.279011886913	0.174533213486	0.121049108028	0.425405791573
11	0.0389094070277	0.0396409094702	0.0352218330715	0.886227850431
12	0.274734396048	0.49116016576	0.0814427042217	0.15266273397
13	0.631273194994	0.13639025036	0.144475489807	0.087861064839
14	0.0506847058467	0.201568150038	0.722742601572	0.0250045425431
15	0.153938251075	0.108012469943	0.704141811501	0.0339074674809
16	0.0940134097748	0.794235878929	0.0951925556823	0.0165581556136
17	0.235839516771	0.434130563062	0.18312034734	0.146909572827
